% Filtrete 3M


% CFM; inches water column converter to Pa
mpp300 = [290 430 575 720 970;
 [.1  .17 .24 .34 .51]*249.09];